15 120 120
95 90 85 75 80 88 70 65 60 55 72 68 62 58 50
0 8 15 12 10 12 9 7 8 11 9 13 14 10 11 6
8 0 18 15 12 14 11 3 2 13 10 9 8 14 12 10
15 18 0 5 12 8 14 17 18 7 13 11 16 9 10 14
12 15 5 0 10 6 12 14 15 5 11 8 13 6 7 12
10 12 12 10 0 8 4 11 12 9 3 6 10 7 5 9
12 14 8 6 8 0 10 13 14 3 9 7 12 4 6 11
9 11 14 12 4 10 0 10 11 11 2 5 9 8 3 8
7 3 17 14 11 13 10 0 4 12 9 6 5 11 10 8
8 2 18 15 12 14 11 4 0 13 10 7 6 12 11 9
11 13 7 5 9 3 11 12 13 0 10 8 11 5 7 12
9 10 13 11 3 9 2 9 10 10 0 4 8 6 4 7
13 9 11 8 6 7 5 6 7 8 4 0 7 5 6 10
14 8 16 13 10 12 9 5 6 11 8 7 0 10 8 11
10 14 9 6 7 4 8 11 12 5 6 5 10 0 6 9
11 12 10 7 5 6 3 10 11 7 4 6 8 6 0 8
6 10 14 12 9 11 8 8 9 12 7 10 11 9 8 0
3 3 4 4 5 5 6 6 7 7 8 8 9 9 10 10 9 9 8 8 7 7 6 6 5 5 4 4 3 3 3 3 4 4 5 5 6 6 7 7 8 8 9 9 10 10 9 9 8 8 7 7 6 6 5 5 4 4 3 3 3 3 4 4 5 5 6 6 7 7 8 8 9 9 10 10 9 9 8 8 7 7 6 6 5 5 4 4 3 3 3 3 4 4 5 5 6 6 7 7 8 8 9 9 10 10 9 9 8 8 7 7 6 6 5 5 4 4 3 3
3 3 4 4 5 5 6 6 7 7 8 8 9 9 10 10 9 9 8 8 7 7 6 6 5 5 4 4 3 3 3 3 4 4 5 5 6 6 7 7 8 8 9 9 10 10 9 9 8 8 7 7 6 6 5 5 4 4 3 3 3 3 4 4 5 5 6 6 7 7 8 8 9 9 10 10 9 9 8 8 7 7 6 6 5 5 4 4 3 3 3 3 4 4 5 5 6 6 7 7 8 8 9 9 10 10 9 9 8 8 7 7 6 6 5 5 4 4 3 3
2 2 3 3 4 4 5 5 6 6 7 7 8 8 9 9 8 8 7 7 6 6 5 5 4 4 3 3 2 2 2 2 3 3 4 4 5 5 6 6 7 7 8 8 9 9 8 8 7 7 6 6 5 5 4 4 3 3 2 2 2 2 3 3 4 4 5 5 6 6 7 7 8 8 9 9 8 8 7 7 6 6 5 5 4 4 3 3 2 2 2 2 3 3 4 4 5 5 6 6 7 7 8 8 9 9 8 8 7 7 6 6 5 5 4 4 3 3 2 2
2 2 3 3 4 4 5 5 6 6 7 7 6 6 5 5 4 4 3 3 2 2 2 2 3 3 4 4 5 5 6 6 7 7 6 6 5 5 4 4 3 3 2 2 2 2 3 3 4 4 5 5 6 6 7 7 6 6 5 5 4 4 3 3 2 2 2 2 3 3 4 4 5 5 6 6 7 7 6 6 5 5 4 4 3 3 2 2 2 2 3 3 4 4 5 5 6 6 7 7 6 6 5 5 4 4 3 3 2 2 2 2 3 3 4 4 5 5 6 6
2 2 3 3 4 4 5 5 6 6 7 7 6 6 5 5 4 4 3 3 2 2 2 2 3 3 4 4 5 5 6 6 7 7 6 6 5 5 4 4 3 3 2 2 2 2 3 3 4 4 5 5 6 6 7 7 6 6 5 5 4 4 3 3 2 2 2 2 3 3 4 4 5 5 6 6 7 7 6 6 5 5 4 4 3 3 2 2 2 2 3 3 4 4 5 5 6 6 7 7 6 6 5 5 4 4 3 3 2 2 2 2 3 3 4 4 5 5 6 6
3 3 4 4 5 5 6 6 7 7 8 8 9 9 10 10 9 9 8 8 7 7 6 6 5 5 4 4 3 3 3 3 4 4 5 5 6 6 7 7 8 8 9 9 10 10 9 9 8 8 7 7 6 6 5 5 4 4 3 3 3 3 4 4 5 5 6 6 7 7 8 8 9 9 10 10 9 9 8 8 7 7 6 6 5 5 4 4 3 3 3 3 4 4 5 5 6 6 7 7 8 8 9 9 10 10 9 9 8 8 7 7 6 6 5 5 4 4 3 3
2 2 3 3 4 4 5 5 4 4 3 3 2 2 2 2 3 3 4 4 5 5 4 4 3 3 2 2 2 2 3 3 4 4 5 5 4 4 3 3 2 2 2 2 3 3 4 4 5 5 4 4 3 3 2 2 2 2 3 3 4 4 5 5 4 4 3 3 2 2 2 2 3 3 4 4 5 5 4 4 3 3 2 2 2 2 3 3 4 4 5 5 4 4 3 3 2 2 2 2 3 3 4 4 5 5 4 4 3 3 2 2 2 2 3 3 4 4 5 5
2 2 3 3 4 4 5 5 4 4 3 3 2 2 2 2 3 3 4 4 5 5 4 4 3 3 2 2 2 2 3 3 4 4 5 5 4 4 3 3 2 2 2 2 3 3 4 4 5 5 4 4 3 3 2 2 2 2 3 3 4 4 5 5 4 4 3 3 2 2 2 2 3 3 4 4 5 5 4 4 3 3 2 2 2 2 3 3 4 4 5 5 4 4 3 3 2 2 2 2 3 3 4 4 5 5 4 4 3 3 2 2 2 2 3 3 4 4 5 5
2 2 2 2 3 3 4 4 3 3 2 2 2 2 2 2 3 3 4 4 3 3 2 2 2 2 2 2 3 3 4 4 3 3 2 2 2 2 2 2 3 3 4 4 3 3 2 2 2 2 2 2 3 3 4 4 3 3 2 2 2 2 2 2 3 3 4 4 3 3 2 2 2 2 2 2 3 3 4 4 3 3 2 2 2 2 2 2 3 3 4 4 3 3 2 2 2 2 2 2 3 3 4 4 3 3 2 2 2 2 2 2 3 3 4 4 3 3 2 2
2 2 2 2 3 3 4 4 3 3 2 2 2 2 2 2 3 3 4 4 3 3 2 2 2 2 2 2 3 3 4 4 3 3 2 2 2 2 2 2 3 3 4 4 3 3 2 2 2 2 2 2 3 3 4 4 3 3 2 2 2 2 2 2 3 3 4 4 3 3 2 2 2 2 2 2 3 3 4 4 3 3 2 2 2 2 2 2 3 3 4 4 3 3 2 2 2 2 2 2 3 3 4 4 3 3 2 2 2 2 2 2 3 3 4 4 3 3 2 2
2 2 3 3 4 4 5 5 5 5 4 4 3 3 2 2 2 2 3 3 4 4 5 5 5 5 4 4 3 3 2 2 2 2 3 3 4 4 5 5 5 5 4 4 3 3 2 2 2 2 3 3 4 4 5 5 5 5 4 4 3 3 2 2 2 2 3 3 4 4 5 5 5 5 4 4 3 3 2 2 2 2 3 3 4 4 5 5 5 5 4 4 3 3 2 2 2 2 3 3 4 4 5 5 5 5 4 4 3 3 2 2 2 2 3 3 4 4 5 5
2 2 3 3 4 4 5 5 5 5 4 4 3 3 2 2 2 2 3 3 4 4 5 5 5 5 4 4 3 3 2 2 2 2 3 3 4 4 5 5 5 5 4 4 3 3 2 2 2 2 3 3 4 4 5 5 5 5 4 4 3 3 2 2 2 2 3 3 4 4 5 5 5 5 4 4 3 3 2 2 2 2 3 3 4 4 5 5 5 5 4 4 3 3 2 2 2 2 3 3 4 4 5 5 5 5 4 4 3 3 2 2 2 2 3 3 4 4 5 5
2 2 3 3 4 4 5 5 5 5 4 4 3 3 2 2 2 2 3 3 4 4 5 5 5 5 4 4 3 3 2 2 2 2 3 3 4 4 5 5 5 5 4 4 3 3 2 2 2 2 3 3 4 4 5 5 5 5 4 4 3 3 2 2 2 2 3 3 4 4 5 5 5 5 4 4 3 3 2 2 2 2 3 3 4 4 5 5 5 5 4 4 3 3 2 2 2 2 3 3 4 4 5 5 5 5 4 4 3 3 2 2 2 2 3 3 4 4 5 5
2 2 3 3 4 4 5 5 5 5 4 4 3 3 2 2 2 2 3 3 4 4 5 5 5 5 4 4 3 3 2 2 2 2 3 3 4 4 5 5 5 5 4 4 3 3 2 2 2 2 3 3 4 4 5 5 5 5 4 4 3 3 2 2 2 2 3 3 4 4 5 5 5 5 4 4 3 3 2 2 2 2 3 3 4 4 5 5 5 5 4 4 3 3 2 2 2 2 3 3 4 4 5 5 5 5 4 4 3 3 2 2 2 2 3 3 4 4 5 5
2 2 2 2 3 3 4 4 3 3 2 2 2 2 2 2 3 3 4 4 3 3 2 2 2 2 2 2 3 3 4 4 3 3 2 2 2 2 2 2 3 3 4 4 3 3 2 2 2 2 2 2 3 3 4 4 3 3 2 2 2 2 2 2 3 3 4 4 3 3 2 2 2 2 2 2 3 3 4 4 3 3 2 2 2 2 2 2 3 3 4 4 3 3 2 2 2 2 2 2 3 3 4 4 3 3 2 2 2 2 2 2 3 3 4 4 3 3 2 2
